0,273
0,270
10,95
10,137
10,197
10,253
10,191
10,161
9,7
9,2
9,3
8,8
8,4
8,7
8,18
8,16
8,11
14,3
13,1
13,3
2,2
2,1
2,3
161,4
161,3
161,2
161,1
161,0
159,5
159,4
159,3
159,2
159,1
159,0
157,3
157,2
157,1
157,0
156,5
156,4
156,3
156,2
156,1
156,0
155,4
155,3
155,2
155,1
155,0
154,3
154,2
154,1
154,0
152,4
152,3
152,2
152,1
152,0
151,3
151,2
151,1
151,0
20,3
20,2
20,1
19,3
19,2
19,1
18,3
18,1
14,1
12,3
12,2
12,1
11,29
11,27
11,25
11,23
11,22
11,21
11,20
11,19
11,18
11,17
11,15
11,14
11,13
11,12
11,11
11,10
11,9
11,7
11,6
11,5
11,4
11,3
11,2
11,1
10,310
10,307
10,305
10,303
10,301
10,299
10,298
10,295
10,287
10,283
10,273
10,272
10,263
10,261
10,259
10,257
10,254
10,251
10,249
10,245
10,235
10,233
